7378654 6101067 6536983 6949565 6009537 6795654 6692622 6645558 5936107 6477014 5164152 6270984 5892002 6134524 6843718 6796190 6027070 6162378 6328363 6099558 6840557
8156280 6744011 7235131 7704142 6667857 7526819 7413842 7367170 6563881 7194879 5708015 6976933 6511141 6783513 7573501 7533503 6673036 6815871 6979942 6757682 7569603
6568978 5433826 5835674 6209503 5374596 6069449 5964152 5937456 5293186 5794223 4597833 5620789 5248895 5465897 6102141 6073881 5375754 5496181 5626373 5448724 6094174
6324192 5220309 5612257 5972536 5176737 5840759 5757742 5723734 5088169 5590309 4428721 5425521 5051149 5257461 5880127 5848479 5180128 5283467 5409600 5241850 5871255
5402012 4457427 4780481 5074031 4391916 4969569 4902872 4864154 4341292 4735313 3783465 4582850 4315356 4486833 5012718 4969633 4412358 4505898 4636864 4457770 5006598
8333790 6887106 7396912 7867540 6812199 7693793 7571146 7530448 6709813 7347205 5834491 7125414 6658210 6930723 7742032 7699617 6819436 6966692 7138317 6905464 7731465
9359678 7727392 8287444 8808393 7624662 8618428 8503210 8437520 7523248 8225647 6553435 7966505 7473447 7776788 8687248 8622026 7649902 7809933 8022748 7733446 8680132
6536640 5396471 5794743 6158392 5333355 6026778 5939340 5900894 5258027 5753235 4577569 5576031 5222099 5432680 6071386 6030380 5346424 5458621 5602179 5407664 6062705
6718762 5555935 5964649 6352148 5499138 6205725 6108218 6074466 5409628 5933796 4702208 5756963 5364899 5589205 6241378 6212163 5499628 5617583 5748288 5571728 6236354
6410870 5296296 5679254 6039378 5226495 5906214 5823304 5780728 5155173 5637819 4487799 5461414 5118518 5328484 5949943 5908972 5240320 5351988 5493498 5300762 5946113
5188172 4288530 4604860 4891007 4232751 4786888 4704102 4681236 4179143 4559648 3632672 4418533 4147843 4314778 4817421 4787668 4241670 4338331 4452126 4295452 4808963
7857846 6490217 6968345 7406417 6412671 7246801 7136772 7093238 6323081 6915628 5502168 6702790 6278048 6532239 7297769 7250675 6426638 6564404 6735226 6502932 7287627
6298654 5213713 5586557 5946561 5141235 5808860 5714466 5679322 5071229 5541676 4406670 5369450 5028660 5240062 5843072 5810940 5147846 5265472 5396535 5215866 5841971
5986924 4944638 5298950 5632242 4873098 5509760 5436308 5392300 4811726 5255996 4191224 5088256 4779492 4974508 5554064 5511064 4890860 4994964 5133146 4944356 5551346
10690600 8829294 9481626 10081066 8730084 9862072 9714596 9655340 8602164 9417610 7485638 9130272 8540332 8887288 9930630 9869012 8746068 8930920 9158914 8850176 9917120
7795514 6451028 6912280 7359423 6363834 7188364 7076598 7030232 6274264 6862097 5453997 6649315 6222357 6484436 7232236 7191870 6372082 6514751 6676344 6454578 7231708
6907454 5712474 6135620 6523976 5646723 6380160 6267896 6240452 5566105 6085409 4835493 5901518 5521074 5746806 6416139 6383518 5651196 5779044 5920678 5726686 6406017
6509378 5382276 5778462 6139032 5312067 6006911 5901534 5873580 5244197 5722041 4557271 5545292 5203792 5414337 6043804 6007963 5321884 5444114 5585173 5390720 6033885
7412384 6131157 6571049 6997844 6053325 6834987 6734606 6687878 5963557 6530741 5186361 6329549 5915361 6164577 6878511 6839755 6060792 6192351 6344716 6137122 6878211
6557538 5418071 5824513 6191470 5362704 6057860 5955668 5929078 5282434 5782092 4591982 5609113 5242141 5454012 6094615 6062312 5367544 5484465 5619313 5436302 6082572
7226166 5959946 6396960 6792936 5883399 6652323 6566374 6515352 5806701 6347633 5061643 6147370 5772126 6001725 6709650 6654959 5906868 6027400 6196963 5967268 6700377
