140948 144836 146900 141096 167316 155960 129896 153860 152196 142468 166284 138824 142432 171132 168604 162556 160492 129932 146840 154004 147180 147800 155840
35237 36209 36725 35274 41829 38990 32474 38465 38049 35617 41571 34706 35608 42783 42151 40639 40123 32483 36710 38501 36795 36950 38960
70474 72418 73450 70548 83658 77980 64948 76930 76098 71234 83142 69412 71216 85566 84302 81278 80246 64966 73420 77002 73590 73900 77920
140948 144836 146900 141096 167316 155960 129896 153860 152196 142468 166284 138824 142432 171132 168604 162556 160492 129932 146840 154004 147180 147800 155840
35237 36209 36725 35274 41829 38990 32474 38465 38049 35617 41571 34706 35608 42783 42151 40639 40123 32483 36710 38501 36795 36950 38960
70474 72418 73450 70548 83658 77980 64948 76930 76098 71234 83142 69412 71216 85566 84302 81278 80246 64966 73420 77002 73590 73900 77920
35237 36209 36725 35274 41829 38990 32474 38465 38049 35617 41571 34706 35608 42783 42151 40639 40123 32483 36710 38501 36795 36950 38960
105711 108627 110175 105822 125487 116970 97422 115395 114147 106851 124713 104118 106824 128349 126453 121917 120369 97449 110130 115503 110385 110850 116880
105711 108627 110175 105822 125487 116970 97422 115395 114147 106851 124713 104118 106824 128349 126453 121917 120369 97449 110130 115503 110385 110850 116880
70474 72418 73450 70548 83658 77980 64948 76930 76098 71234 83142 69412 71216 85566 84302 81278 80246 64966 73420 77002 73590 73900 77920
140948 144836 146900 141096 167316 155960 129896 153860 152196 142468 166284 138824 142432 171132 168604 162556 160492 129932 146840 154004 147180 147800 155840
70474 72418 73450 70548 83658 77980 64948 76930 76098 71234 83142 69412 71216 85566 84302 81278 80246 64966 73420 77002 73590 73900 77920
140948 144836 146900 141096 167316 155960 129896 153860 152196 142468 166284 138824 142432 171132 168604 162556 160492 129932 146840 154004 147180 147800 155840
70474 72418 73450 70548 83658 77980 64948 76930 76098 71234 83142 69412 71216 85566 84302 81278 80246 64966 73420 77002 73590 73900 77920
35237 36209 36725 35274 41829 38990 32474 38465 38049 35617 41571 34706 35608 42783 42151 40639 40123 32483 36710 38501 36795 36950 38960
70474 72418 73450 70548 83658 77980 64948 76930 76098 71234 83142 69412 71216 85566 84302 81278 80246 64966 73420 77002 73590 73900 77920
105711 108627 110175 105822 125487 116970 97422 115395 114147 106851 124713 104118 106824 128349 126453 121917 120369 97449 110130 115503 110385 110850 116880
140948 144836 146900 141096 167316 155960 129896 153860 152196 142468 166284 138824 142432 171132 168604 162556 160492 129932 146840 154004 147180 147800 155840
70474 72418 73450 70548 83658 77980 64948 76930 76098 71234 83142 69412 71216 85566 84302 81278 80246 64966 73420 77002 73590 73900 77920
70474 72418 73450 70548 83658 77980 64948 76930 76098 71234 83142 69412 71216 85566 84302 81278 80246 64966 73420 77002 73590 73900 77920
70474 72418 73450 70548 83658 77980 64948 76930 76098 71234 83142 69412 71216 85566 84302 81278 80246 64966 73420 77002 73590 73900 77920
35237 36209 36725 35274 41829 38990 32474 38465 38049 35617 41571 34706 35608 42783 42151 40639 40123 32483 36710 38501 36795 36950 38960
35237 36209 36725 35274 41829 38990 32474 38465 38049 35617 41571 34706 35608 42783 42151 40639 40123 32483 36710 38501 36795 36950 38960
140948 144836 146900 141096 167316 155960 129896 153860 152196 142468 166284 138824 142432 171132 168604 162556 160492 129932 146840 154004 147180 147800 155840
105711 108627 110175 105822 125487 116970 97422 115395 114147 106851 124713 104118 106824 128349 126453 121917 120369 97449 110130 115503 110385 110850 116880
70474 72418 73450 70548 83658 77980 64948 76930 76098 71234 83142 69412 71216 85566 84302 81278 80246 64966 73420 77002 73590 73900 77920
35237 36209 36725 35274 41829 38990 32474 38465 38049 35617 41571 34706 35608 42783 42151 40639 40123 32483 36710 38501 36795 36950 38960
105711 108627 110175 105822 125487 116970 97422 115395 114147 106851 124713 104118 106824 128349 126453 121917 120369 97449 110130 115503 110385 110850 116880
70474 72418 73450 70548 83658 77980 64948 76930 76098 71234 83142 69412 71216 85566 84302 81278 80246 64966 73420 77002 73590 73900 77920
35237 36209 36725 35274 41829 38990 32474 38465 38049 35617 41571 34706 35608 42783 42151 40639 40123 32483 36710 38501 36795 36950 38960
105711 108627 110175 105822 125487 116970 97422 115395 114147 106851 124713 104118 106824 128349 126453 121917 120369 97449 110130 115503 110385 110850 116880
35237 36209 36725 35274 41829 38990 32474 38465 38049 35617 41571 34706 35608 42783 42151 40639 40123 32483 36710 38501 36795 36950 38960
140948 144836 146900 141096 167316 155960 129896 153860 152196 142468 166284 138824 142432 171132 168604 162556 160492 129932 146840 154004 147180 147800 155840
105711 108627 110175 105822 125487 116970 97422 115395 114147 106851 124713 104118 106824 128349 126453 121917 120369 97449 110130 115503 110385 110850 116880
105711 108627 110175 105822 125487 116970 97422 115395 114147 106851 124713 104118 106824 128349 126453 121917 120369 97449 110130 115503 110385 110850 116880
105711 108627 110175 105822 125487 116970 97422 115395 114147 106851 124713 104118 106824 128349 126453 121917 120369 97449 110130 115503 110385 110850 116880
70474 72418 73450 70548 83658 77980 64948 76930 76098 71234 83142 69412 71216 85566 84302 81278 80246 64966 73420 77002 73590 73900 77920
70474 72418 73450 70548 83658 77980 64948 76930 76098 71234 83142 69412 71216 85566 84302 81278 80246 64966 73420 77002 73590 73900 77920
35237 36209 36725 35274 41829 38990 32474 38465 38049 35617 41571 34706 35608 42783 42151 40639 40123 32483 36710 38501 36795 36950 38960
105711 108627 110175 105822 125487 116970 97422 115395 114147 106851 124713 104118 106824 128349 126453 121917 120369 97449 110130 115503 110385 110850 116880
140948 144836 146900 141096 167316 155960 129896 153860 152196 142468 166284 138824 142432 171132 168604 162556 160492 129932 146840 154004 147180 147800 155840
