88097434 81983875 73644022 72412590 74911526 82495044 70347089 82163063 82422549 79443998 81077899 75565443 80354754 82080726 87913069 80629230 91165787 67385131 71940370 67662806 84505973 74814854 79370936 80723307 77810392 80076527 78870281 81206757 72397754 79784285 82481746 80712006 80647973 78564537
112248647 104407052 93809973 92224874 95462756 105080601 89556708 104598402 104938027 101217893 103173810 96247157 102376151 104565089 111965154 102729746 116153712 85783030 91708453 86150373 107559198 95271651 101022235 102863189 99090383 101975604 100456477 103365071 92183764 101624226 105035711 102883007 102745370 100013220
94458300 87923088 79009717 77630097 80393022 88420719 75326125 88027716 88293477 85199511 86896254 81019012 86174578 88010839 94298139 86392892 97748969 72233979 77177951 72455858 90587860 80218757 85121725 86626814 83394465 85829786 84577672 87020156 77587280 85544237 88429036 86587871 86522941 84195177
93008500 86527488 77766139 76455283 79124261 87111687 74256794 86703526 86995735 83891382 85546718 79823435 84845261 86674115 92832873 85133312 96271464 71148770 76010109 71329399 89200080 78961829 83805516 85273832 82125078 84556892 83276894 85699907 76390046 84199990 87059071 85301793 85196893 82914580
110083984 102418198 92046801 90439323 93663273 103102024 87844126 102614672 102929166 99255944 101270722 94418684 100408496 102553325 109845473 100706108 113935810 84192171 89948334 84459939 105544154 93461890 99127566 100894351 97201920 100029169 98526538 101425868 90436072 99684391 103025254 100928379 100783549 98105501
108819092 101234487 90955039 89417183 92574399 101870750 86769152 101363582 101731726 98129929 100018360 93346681 99245090 101388209 108616628 99527681 112575455 83172764 88949525 83439761 104339485 92399984 98049767 99746331 96051194 98838602 97447535 100231101 89365701 98500833 101857111 99715814 99644967 96976574
89994452 83771890 75221638 73945287 76545350 84228839 71786674 83859002 84108451 81165745 82751805 77181668 82097893 83832463 89838326 82338354 93124194 68766456 73503672 69022497 86285180 76400678 81071474 82502167 79431330 81782307 80553872 82886878 73901967 81494348 84231849 82500756 82406846 80198670
93095471 86655594 77805057 76526094 79218535 87154919 74279829 86763321 87068597 83991982 85571149 79868659 84931633 86731386 92932405 85216821 96349140 71169113 76064291 71468132 89244159 79040033 83873106 85342079 82205189 84604568 83368915 85746379 76493835 84290633 87139750 85329688 85263026 82972866
97094231 90306309 81169364 79764369 82546057 90861261 77519189 90527788 90800267 87531044 89298533 83277323 88531395 90441889 96868201 88822370 100470961 74192270 79273338 74498225 93125170 82414744 87463516 88983535 85704344 88194154 86878508 89457672 79763094 87872068 90876302 88968679 88910311 86536148
93118460 86622101 77885619 76527100 79211766 87172437 74336913 86799708 87078970 84001557 85637311 79893061 84933556 86767218 92934133 85204368 96345009 71200611 76073857 71410572 89295416 79079993 83893553 85402380 82192356 84615335 83343676 85802337 76468106 84257010 87168778 85394844 85304393 82972955
91184848 84837955 76223556 74906434 77552656 85346489 72796878 84991924 85287776 82217664 83881300 78205149 83164436 84930832 90977055 83444243 94363286 69738637 74458657 69999074 87426030 77390340 82131356 83551604 80523573 82892880 81605005 84008052 74891902 82567453 85315286 83544081 83457770 81303364
101525213 94453593 84882030 83434869 86376391 95055920 81066926 94670943 94963155 91587748 93404292 87082723 92606321 94609091 101336947 92925917 105055686 77636545 82942335 77924381 97379109 86250268 91505737 93078520 89660538 92265819 90907471 93559973 83452215 91903758 95062005 93070664 92986287 90501323
113070877 105206496 94509016 92927338 96192959 105848887 90232699 105380930 105750186 102001587 103999838 96949591 103142550 105352722 112836077 103494571 117017544 86463504 92382190 86808944 108389196 95989340 101841114 103642060 99858267 102775461 101221963 104137627 92895380 102391603 105806316 103634442 103520652 100793202
96787429 90029907 80923550 79515831 82324582 90592522 77210063 90206913 90522456 87286291 89009596 82968286 88263343 90156686 96550021 88556933 100150990 73990999 79044506 74306145 92760802 82173870 87110592 88687566 85469502 87929731 86624747 89145604 79488593 87639549 90548618 88662396 88573798 86230368
97298068 90523544 81379553 79907709 82787915 91083748 77604838 90672238 90944924 87745525 89511246 83419054 88744764 90639221 97074669 88999700 100670484 74394807 79461728 74636339 93272659 82623594 87604462 89236872 85911040 88421027 87080166 89620012 79893714 88083270 91060275 89168622 89090219 86680328
94131554 87590620 78683823 77348792 80081945 88163208 75118305 87738135 88005028 84871319 86555769 80768074 85873150 87686550 93954268 86124896 97405492 71954230 76906129 72197971 90258266 79923037 84814572 86301387 83093141 85524242 84272390 86721719 77331627 85220203 88148493 86291833 86207955 83882855
106414051 99030198 88983691 87432927 90517094 99597273 84974720 99214585 99526876 95965943 97891768 91291970 97063023 99164377 106205569 97387159 110150020 81367568 86904465 81693707 102047801 90330608 95845794 97525139 93968234 96729887 95275181 98073019 87418311 96379604 99580760 97541533 97425696 94889937
92194253 85825234 77092017 75789058 78439566 86303000 73553215 85928482 86201539 83177434 84770273 79108489 84112750 85893485 92040081 84358284 95407861 70484828 75310803 70747140 88391136 78283593 83027573 84527759 81390708 83794086 82547674 84949112 75706598 83479956 86292807 84526460 84442837 82164121
95948065 89275014 80233615 78853883 81660740 89858996 76550098 89432668 89737632 86571012 88298796 82284587 87539786 89416941 95798372 87803938 99306433 73383113 78409478 73661227 92011197 81485861 86440349 87995229 84750890 87249786 85949722 88386741 78840228 86907191 89809071 87961118 87878362 85551581
111532074 103764517 93272183 91627889 94893910 104407371 89003372 103956993 104297039 100583259 102593751 95651245 101733744 103916564 111296871 102041471 115427305 85273664 91127117 85569794 106964489 94685513 100495863 102230373 98498748 101361551 99839508 102735994 91645737 100963007 104387408 102222614 102146809 99418605
96619726 89887468 80763981 79377270 82202402 90472304 77090105 90047044 90361440 87106266 88863384 82881508 88124184 89990448 96393940 88396098 99984520 73899865 78913068 74161803 92604872 82028667 87010430 88544082 85321093 87805251 86495644 89018520 79361925 87488029 90430714 88514908 88438159 86111778
101388533 94323765 84791763 83328729 86210547 94888901 80873848 94488968 94824221 91428299 93244492 86942662 92451237 94450513 101131172 92728718 104904934 77529141 82823687 77783630 97228405 86058865 91307304 92914308 89515286 92100257 90704769 93404155 83257373 91754144 94853487 92897958 92841994 90338513
99431805 92468566 83155072 81716177 84530357 93029411 79349069 92674166 92993106 89662648 91410018 85276347 90670528 92618265 99194813 90948755 102894344 75973201 81200333 76284746 95333739 84381157 89517280 91111899 87759947 90308323 88947107 91598539 81640057 89988546 93017696 91131437 91049881 88579171
97194162 90418174 81275374 79849662 82696086 91023939 77539192 90566071 90879788 87647740 89373030 83384223 88629196 90557596 97006812 88923626 100584150 74317001 79439483 74562562 93205179 82533814 87547480 89090512 85810074 88302283 87032543 89553550 79832224 87991461 90973974 89069224 88991846 86626429
104197180 96930105 87128452 85597755 88660997 97526273 83121511 97098973 97444036 94010395 95840768 89335093 95022007 97099874 104014426 95343362 107836373 79662463 85124764 79966155 99915580 88484602 93868447 95544292 92012282 94687520 93307850 95971395 85585114 94345400 97501855 95479266 95407220 92881766
104724984 97414234 87580786 86047009 89097972 98047255 83553520 97621453 97936950 94459976 96380560 89811402 95505054 97549714 104510539 95823918 108395411 80111870 85553433 80338831 100460036 88904519 94343265 96035553 92497811 95195956 93742054 96469145 86014841 94821158 97979221 95971973 95923550 93351133
92707172 86242150 77530054 76182171 78827378 86732313 73952726 86402434 86673313 83616913 85265546 79473840 84547043 86371214 92497098 84800516 95919549 70867386 75705656 71130641 88892098 78681946 83460972 84968082 81849164 84220814 82951613 85395899 76097565 83943398 86730040 84953069 84871477 82623500
94456212 87883850 78946420 77626324 80370867 88478578 75323423 87990569 88286573 85179249 86817918 81007095 86171192 88009945 94261002 86455293 97754648 72182213 77228730 72472362 90496391 80178650 85065374 86586768 83378801 85821700 84579523 86968178 77607368 85532701 88420451 86614744 86489034 84140459
102018006 94912554 85343191 83843048 86817478 95488958 81373035 95078000 95398372 92063718 93859904 87479632 93039630 95075789 101877998 93307872 105584982 77990362 83370171 78255185 97851425 86648350 91890676 93526526 90088836 92680809 91352022 93992462 83800806 92388275 95460589 93522664 93431959 90912935
99742535 92805006 83357953 81935591 84828535 93335622 79565262 92930989 93238306 89922615 91717691 85563947 90956380 92910499 99541013 91225655 103185516 76238216 81479242 76469866 95660528 84672492 89864349 91427412 88044014 90627459 89300956 91879253 81897911 90293631 93334427 91380796 91328398 88906669
95042546 88423319 79503188 78104104 80854968 88966438 75848647 88594207 88866335 85737512 87415881 81503678 86688169 88547746 94876939 86966733 98386267 72632866 77634232 72944762 91131188 80698407 85571810 87111430 83908928 86346246 85064526 87564148 78063106 86081249 88945741 87128226 87019014 84690250
