180464030 258518626 289612513 192507231 178704824 211551506 202624298 143777051 191549144 222535958 250890650 194030206 205324207 193060133 188258906 226714001 227637538 200729790 176205430 213332310 247030613 167538363 274471223 221235221
194584898 278744213 312277112 207561941 192693204 228100404 218472173 155028216 206538968 239945586 270524865 209207560 221389998 208166099 202989950 244450247 245445164 216431088 189988858 230022472 266357547 180649158 295944179 238545741
229304159 328476002 367997315 244594756 227077434 268799880 257452273 182690226 243394541 282758362 318797710 246536373 260890980 245311416 239209408 288067349 289238201 255049054 223889289 271063256 313883015 212882243 348747316 281108041
167424983 239835351 268691965 178588868 165802509 196264662 187976516 133393017 177711847 206454798 232768656 180006278 190490817 179112766 174654996 210331093 211187463 186224128 163470702 197916291 229180013 155437207 254636846 205249878
230492612 330183018 369902288 245871754 228251964 270199664 258794410 183638366 244653393 284227875 320447402 247818728 262245969 246582876 240446994 289564672 290743813 256378019 225053331 272471907 315512989 213985840 350559425 282565244
198021537 283667464 317790415 211229363 196098473 232134670 222331705 157768519 210185151 244185156 275302169 212904694 225303613 211842115 206570962 248771182 249783299 220258108 193347120 234086719 271061602 183840703 301171547 242757545
207207315 296826593 332535369 221034134 205191491 242900272 232651204 165085894 219939062 255514014 288075815 222782726 235750618 221674413 216159269 260309847 261371343 230476682 202316444 244945287 283640451 192368534 315146294 254021585
249819160 357865622 400920362 266481915 247394721 292853648 280488748 199037936 265168294 308058287 347318964 268595167 284235573 267259338 260607753 313842473 315120187 277872573 243921612 295317008 341966866 231930421 379951846 306258633
236141880 338274047 378966875 251894281 233845311 276820012 265134195 188137090 250649805 291192349 328300476 253891657 268672107 252624499 246340420 296660915 297866511 262658535 230568944 279148464 323243498 219228491 359148234 289489236
217003148 310857110 348254736 231475796 214897568 254385002 243642904 172892219 230334982 267591507 301694259 233312242 246899398 232150457 226373285 272616646 273725717 241370789 211880087 256524393 297045075 201463629 330040321 266027523
173889116 249094777 279065576 185485995 172198868 203838216 195236623 138538674 184575886 214425202 241755669 186957098 197840188 186028689 181402974 218450451 219338282 193411544 169782652 205555752 238029083 161434454 264466825 213173553
227879643 326440734 365707788 243085715 225662280 267136716 255861341 181555848 241878777 281006023 316813177 245010029 259272957 243787042 237721331 286282206 287448318 253471741 222502442 269383621 311936345 211559651 346586264 279362737
161509377 231362097 259197013 172281704 159940671 189329460 181337670 128677314 171433445 199160565 224543243 173647740 183757977 172783865 168485703 202899917 203725174 179644301 157696081 190923050 221083010 149942522 245639531 197996867
205704689 294669227 330124520 219416872 203712568 241137224 230951398 163891382 218343326 253656672 285988250 221161081 234044432 220063195 214586759 258420163 259470675 228799816 200845583 243166368 281576927 190975633 312853846 252176588
148362943 212529430 238099087 158257050 146923378 173918986 166576079 118203949 157479043 182949141 206266235 159512759 168801362 158719251 154770421 186384553 187142282 165021639 144859832 175382309 203086748 137737964 225644359 181879874
164812014 236093067 264497465 175802829 163212825 193201714 185043447 131310499 174937231 203232946 229134431 177197579 187517805 176316932 171929333 207048627 207891968 183317850 160919813 194828005 225603369 153011018 250663685 202047371
156705403 224481788 251485177 167158631 155181591 183699628 175944601 124849486 166332074 193237180 217861884 168483716 178293360 167642874 163472857 196865908 197666625 174301766 153006452 185245275 214506600 145482118 238333741 192107574
241633615 346143325 387780536 257760016 239280302 283259686 271306748 192512497 256479285 297967146 335935461 259799435 274919677 258502408 252071224 303561493 304797607 268771036 235933097 285642254 330764871 224327200 367505302 296223843
216659706 310369409 347702002 231119752 214550757 253984818 243265849 172617291 229969033 267171377 301214162 232947453 246507798 231784638 226017048 272187124 273297287 240993271 211547522 256121250 296579237 201143970 329523787 265609145
283237711 405740979 454550087 302133456 280484357 332028780 318013166 225661620 300637826 349268252 393776721 304526492 322257550 303009377 295470427 355825465 357275381 315043928 276551384 334823203 387713055 262954710 430780426 347228235
248364292 355782206 398586066 264934150 245950006 291146092 278859486 197876206 263626284 306264902 345296794 267032506 282576572 265704616 259093974 312014214 313284630 276254238 242501840 293596584 339977528 230577484 377740088 304475362
223735320 320501248 359061285 238657614 221564123 262274876 251201726 178256870 237481102 275893194 311054967 240549415 254558512 239354966 233398234 281072182 282218266 248858346 218451579 264483007 306262298 207715909 340282220 274284075
245277787 351362279 393629595 261644761 242892708 287532660 275396356 195417522 260347959 302460540 341003409 263716677 279067242 262400979 255871082 308140050 309394079 272824798 239491075 289949698 335752316 227711353 373046275 300690042
233212427 334077179 374268462 248773104 230943758 273385166 261848642 185803607 247543372 287581325 324230837 250743251 265337050 249494920 243287640 292980307 294172640 259401931 227709108 275685449 319236886 216509728 354695621 285899975
195535672 280104608 313803114 208575262 193635890 229215086 219539474 155785355 207550053 241117822 271848257 210230132 222470881 209183663 203981893 245645262 246643378 217488764 190918044 231145322 267658556 181530805 297388278 239709407
186091674 266579902 298643152 198511687 184279489 218152656 208943830 148262664 197522082 229477061 258715088 200082665 211729427 199081306 194127101 233786479 234738727 206993067 181702432 219986046 254734434 172764123 283031220 228133811
232683823 333318273 373421178 248201158 230426214 272764546 261247980 185384749 246981118 286927001 323496517 250170695 264738396 248927040 242733082 292314645 293503480 258810751 227189856 275059581 318509848 216021058 353888355 285250855
158815979 227503538 254873956 169410280 157270951 186171168 178315363 126529428 168575856 195839407 220798687 170753070 180691295 169902858 165677788 199516375 200326916 176648215 155067289 187738456 217396574 147440016 241542657 194694334
134794545 193092504 216323997 143783391 133485797 158012448 151341419 107393376 143076780 166217398 187402136 144924404 153363340 144203960 140616659 169338266 170026949 149928956 131611434 159342771 184513608 125141432 205008655 165247160
185875542 266268859 298299171 198279951 184064633 217893834 208701183 148088163 197296621 229209042 258417285 199848655 211478929 198851876 193906363 233511933 234462484 206748958 181489465 219727977 254439287 172561758 282700879 227868627
190838879 273376461 306267102 203566110 188986934 223710886 214266644 152045785 202564817 235327108 265319931 205180519 217128667 204160912 199081514 239745279 240721033 212266754 186332151 225594084 261230715 177172800 290246982 233952939
182205159 261011533 292408549 194357650 180435007 213591648 204573220 145166856 193396527 224680949 253312439 195898202 207307787 194921275 190072679 228899713 229832056 202663845 177902287 215389770 249411474 169157226 277116885 223369055
133555809 191320131 214333682 142467362 132255938 156563714 149954804 106406147 141760231 164692032 185677769 143595753 151954837 142878668 139323618 167784553 168467635 148554730 130404629 157880416 182819417 123990860 203127238 163729073
155495120 222747789 249544702 165871192 153983525 182282648 174588641 123887162 165048778 191746703 216181575 167184249 176916631 166351957 162211135 195346390 196142891 172959087 151826014 183815618 212852845 144360627 236496519 190626144
171569306 245774837 275338468 183016969 169900666 201126502 192636131 136691995 182109522 211567627 238526866 184466892 195205262 183544842 178978093 215541117 216417515 190837523 167521565 202816905 234854060 159280949 260940890 210328540
183236362 262488203 294063108 195456356 181457729 214801674 205729759 145989363 194490585 225952491 254746162 197006745 208482340 196024012 191146874 230195804 231133033 203811329 178909376 216608928 250822275 170115190 278684697 224632747
143587216 205690265 230435537 153170197 142191237 168322910 161220095 114399953 152409955 177063052 199626953 154381277 163367697 153613628 149789989 180386309 181122700 159714176 140198785 169739047 196553681 133305638 218386463 176028413
300292825 430169283 481922268 320321198 297377682 352020536 337158266 239250512 318742999 370297825 417490818 322861635 341661879 321255509 313261751 377250647 378785938 334012417 293203022 354982507 411057374 278788759 456716505 368134812
204201445 292520171 327709009 217822500 202219083 239380182 229270882 162693651 216744680 251806551 283894742 219549510 232335780 218454956 213017534 256535189 257580168 227133525 199381367 241392894 279522124 189579723 310572495 250335116
216131102 309610503 346854718 230547806 214033213 253364198 242665187 172198433 229406779 266517053 300479842 232374897 245909144 231216758 225462490 271521462 272628127 240402091 211028270 255495382 295852199 200655300 328716521 264960025
200900509 287791688 322411130 214301429 198948634 235509394 225564759 160062481 213240985 247735694 279304910 216000415 228578993 214923197 209575008 252387724 253415513 223460806 196158169 237490408 275003424 186514226 305551755 246288470
207629485 297428082 333214087 221475509 205616633 243394334 233117843 165424175 220387893 256031926 288664887 223232742 236232847 222124097 216596654 260839200 261900397 230943178 202726378 245442269 284214422 192761511 315783127 254536131
195937172 280684086 314443199 209015270 194026333 229692342 219999298 156104859 207972789 241617628 272402264 210668551 222929255 209614161 204399857 246154378 247156964 217943010 191315483 231624301 268211996 181903184 298005652 240204158
