9324 11353 15927 9487 14927 13419 9130 10347 10224 11398 14318 11437 14517 13422 10876 14934 9065 11771 15951 11441
7702 10759 16206 10207 12425 11689 8507 10787 9655 13730 15433 11722 13991 12482 10728 16105 10512 11490 15150 12357
10692 13724 13920 12177 17503 15026 11497 13261 12014 12390 16732 11386 15997 13484 12102 17229 10507 12297 17502 11227
11150 14492 15186 10413 14718 13421 11017 13296 12655 14739 14914 13802 17107 13131 12449 16123 8796 11360 17131 15071
10051 11795 13663 10172 12843 9751 8375 11250 11157 11535 11721 9986 13230 11016 9143 13531 7254 8990 14193 13331
6646 11074 12253 9292 11729 11283 9026 8469 9265 10001 11935 8783 13287 9339 9488 13789 7314 8218 13620 9869
9375 13546 16551 12259 15399 13972 11136 13050 11161 13850 15457 12006 17463 14095 12266 16619 11638 11823 16749 13645
10468 11425 17006 10051 14038 13008 8189 9145 12022 12758 13835 12178 14714 12692 10340 15624 8227 10804 16076 13515
12226 13715 16876 11086 16024 13622 9588 12751 12597 15554 16642 13258 16273 16539 11450 16861 9727 12269 16832 15125
9486 12712 13330 10701 12299 11784 10230 10531 11259 13079 14277 11242 13983 13363 10117 14457 9401 8737 15066 12899
11394 15790 16533 13650 15260 15369 12009 13151 13883 15639 16236 13554 18078 14588 12861 17356 11771 10221 18934 15925
7829 10460 13441 9676 11557 11190 8244 9224 10392 10731 10763 9248 11055 11157 9053 14659 7892 9591 14155 11343
8871 11081 11452 8802 12456 12103 8318 10168 8089 11526 12992 9993 14545 9935 11498 12155 8864 10356 13290 10704
11262 12914 16001 11402 15464 12700 10075 10615 11490 12886 14635 11935 15530 13971 9976 13613 9275 10699 16256 14252
11018 12019 19386 15170 18166 16401 13634 11958 13247 14953 17389 15533 15565 15998 13367 17623 13509 13219 18225 14435
11247 14959 16268 12519 15615 16856 10907 13110 12944 16163 17792 13502 17776 16274 13432 18674 13148 12206 18996 14189
10390 12742 13304 10702 14126 13757 10809 9712 11616 12998 14532 11511 15026 13016 9778 15764 7916 8724 14873 12979
